alloca:
number  addr            size            allocate(ns)    free(ns)
 1      0x7ffc605a9870            1            113                0
 2      0x7ffc605a9870            2             71                0
 3      0x7ffc605a9870            4             61                0
 4      0x7ffc605a9870            8             81                0
 5      0x7ffc605a9860           16             72                0
 6      0x7ffc605a9850           32             60                0
 7      0x7ffc605a9830           64             65                0
 8      0x7ffc605a97f0          128             67                0
 9      0x7ffc605a9770          256             61                0
10      0x7ffc605a9670          512             70                0
11      0x7ffc605a9470         1024             61                0
12      0x7ffc605a9070         2048             67                0
13      0x7ffc605a8870         4096           3305                0
14      0x7ffc605a7870         8192           2020                0
15      0x7ffc605a5870        16384           3829                0
16      0x7ffc605a1870        32768           7886                0
17      0x7ffc60599870        65536          27737                0
18      0x7ffc60589870       131072          37560                0
19      0x7ffc60569870       262144          67280                0
20      0x7ffc60529870       524288         139257                0 
