calloc:
number  addr                  size            allocate(ns)    free(ns)
 1      0x5557cbb08b00            1            467              183
 2      0x5557cbb08b20            2            169              106
 3      0x5557cbb08b40            4            124               87
 4      0x5557cbb08b60            8            140               89
 5      0x5557cbb08b80           16            207               86
 6      0x5557cbb08ba0           32            181               88
 7      0x5557cbb08bd0           64            180               75
 8      0x5557cbb08c20          128            279               92
 9      0x5557cbb08cb0          256            173              139
10      0x5557cbb08dc0          512            361               96
11      0x5557cbb08fd0         1024            295               73
12      0x5557cbb093e0         2048            431              176
13      0x5557cbb093e0         4096            481               98
14      0x5557cbb093e0         8192           3844              127
15      0x5557cbb093e0        16384           3887              122
16      0x5557cbb093e0        32768          10247              190
17      0x5557cbb093e0        65536          24886               95
18      0x5557cbb093e0       131072          63043              201
19      0x5557cbb093e0       262144         113124              165
20      0x5557cbb093e0       524288          45754              209
21      0x5557cbb093e0      1048576         642392             1881
22      0x5557cbb093e0      2097152        1022926             1583
23      0x5557cbb093e0      4194304         952593              509
24      0x5557cbb093e0      8388608        1461004              589
25      0x5557cbb093e0     16777216        2767865              578
26      0x7f43dd1e6010     33554432          11315            10566
27      0x7f43db1e6010     67108864           5283             3393
28      0x7f43d71e6010    134217728           3204             3289
29      0x7f43cf1e6010    268435456           3211             3570
30      0x7f43bf1e6010    536870912           3655             4757
31      0x7f439f1e6010   1073741824           3227             6202
32      0x7f435f1e6010   2147483648           3139             6308
33      0x7f42df1e6010   4294967296           3062             6315
34      0x7f41df1e6010   8589934592           3405             6274
35           (nil)   17179869184              3069                0
36           (nil)   34359738368              2200                0 
