 malloc:
number  addr               size            allocate(ns)    free(ns)
 1      0x5557cbb082a0            1          61424              299
 2      0x5557cbb082a0            2            312              118
 3      0x5557cbb082a0            4             80               88
 4      0x5557cbb082a0            8             78               89
 5      0x5557cbb082a0           16            136               89
 6      0x5557cbb082c0           32            278              101
 7      0x5557cbb082f0           64            124               77
 8      0x5557cbb08340          128            137               91
 9      0x5557cbb083d0          256            108               72
10      0x5557cbb084e0          512            141               69
11      0x5557cbb086f0         1024            204               74
12      0x5557cbb08b00         2048           3212              390
13      0x5557cbb08b00         4096            142              184
14      0x5557cbb08b00         8192           2640               96
15      0x5557cbb08b00        16384           2742              117
16      0x5557cbb08b00        32768           2754              122
17      0x5557cbb08b00        65536           2578              110
18      0x5557cbb08b00       131072           2858              125
19      0x7f43df1a6010       262144           7638             8100
20      0x7f43df166010       524288           4889             4233
21      0x7f43df0e6010      1048576           4676             3743
22      0x7f43defe6010      2097152           5590             6852
23      0x7f43dede6010      4194304           6518             5521
24      0x7f43de9e6010      8388608           5931             5702
25      0x7f43de1e6010     16777216           5995             5326
26      0x7f43dd1e6010     33554432           5606             5534
27      0x7f43db1e6010     67108864           5948             5605
28      0x7f43d71e6010    134217728           5606             6357
29      0x7f43cf1e6010    268435456           5862             7101
30      0x7f43bf1e6010    536870912           6999            10078
31      0x7f439f1e6010   1073741824           6432            14913
32      0x7f435f1e6010   2147483648           6898            13569
33      0x7f42df1e6010   4294967296           6639            13608
34      0x7f41df1e6010   8589934592           6631            13656
35           (nil)   17179869184              5267                0
36           (nil)   34359738368              3853                0
